1 21562 295 0 0
100
2.15573 1.36464 0.557137 0.743543 0.678405 0.652544 0.693755 0.609309 0.509815 0.705354 0.668245 0.647383 0.589768 0.588988 0.516211 0.333797 0.471214 0.420091 0.552808 0.344002 0.575053 0.323746 0.371389 0.301653 0.458962 0.303929 0.231807 0.374861 0.266714 0.385659 0.275568 0.245324 0.525275 0.324445 0.301789 0.424761 0.257524 0.174256 0.296284 0.19501 0.162904 0.166576 0.142629 0.245102 0.422129 0.155844 0.234557 0.189456 0.257833 0.204242 0.177849 0.150791 0.178879 0.151528 0.138372 0.121469 0.135086 0.118934 0.112018 0.100696 0.169557 0.341711 0.0954715 0.119836 0.414218 0.224838 0.211084 0.170882 0.145766 0.127121 0.115067 0.202902 0.106214 0.0959845 0.108232 0.411459 0.142025 0.16966 0.121567 0.108338 0.0977148 0.0889936 0.0808036 0.0747513 0.0780961 0.072429 0.0711982 0.395735 0.235585 0.0789931 0.117465 0.105072 0.0951304 0.0868459 0.0799066 0.0739832 0.077215 0.0716707 0.0757767 0.247931
0.129252 0 0 0
0.108844 0 0 1
0.0850199 1 1 0
0.0526873 2 0 0
0.0526873 2 0 1
0.0850199 1 1 0
0.0526873 2 0 0
0.0526873 2 0 1
0.0850199 1 1 0
0.00111894 5 1 0
0.0547157 2 0 0
0.0547157 2 0 1
0.0767236 1 1 0
0.0526873 2 0 0
0.0526873 2 0 1
0.0850199 1 0 0
0.0850199 1 1 0
0.102041 0 0 1
0.0850199 1 0 0
0.0850199 1 1 0
0.142857 0 0 1
0.0850199 1 0 0
0.0850199 1 1 0
0.0526873 2 0 1
0.0596086 1 0 0
0.0596086 1 0 1
0.0831151 1 0 0
0.0831151 1 1 0
0.102041 0 0 0
0.102041 0 0 1
0.0596086 1 0 0
0.0596086 1 0 1
0.0746422 1 1 0
0.0526873 2 0 0
0.0526873 2 0 1
0.0398165 9 0 1
0.0850199 1 1 0
0.102041 0 0 1
0.0526873 2 0 0
0.0526873 2 0 1
0.0850199 1 0 0
0.0850199 1 1 0
0.102041 0 0 0
0.102041 0 0 1
0.136054 0 0 1
0.0850199 1 0 0
0.0850199 1 1 0
0.0526873 2 0 0
0.0526873 2 0 1
0.0732836 6 0 0
0.0732836 6 1 0
0.0526873 2 0 0
0.0526873 2 0 1
0.0732836 6 0 0
0.0732836 6 1 0
0.0596086 1 0 0
0.0596086 1 0 1
0.0831151 1 0 0
0.0850199 1 1 0
0.102041 0 0 0
0.102041 0 0 1
0.0011834 5 0 1
0.0732836 6 0 0
0.0732836 6 1 0
0.129252 0 0 1
0.0831151 1 1 0
0.0526873 2 0 0
0.0596086 1 0 1
0.0596086 1 0 0
0.0596086 1 0 1
0.0826088 1 1 0
0.0850199 1 0 0
0.0850199 1 1 0
0.0596086 1 0 0
0.0596086 1 0 1
0.0709062 1 1 0
0.054382 2 0 1
0.0526873 2 0 0
0.0526873 2 0 1
0.0526873 2 0 0
0.0526873 2 0 1
0.0596086 1 0 0
0.0596086 1 0 1
0.00221901 5 0 0
0.00221901 5 1 0
0.0732836 6 0 0
0.0732836 6 1 0
0.163265 0 0 1
0.0596086 1 0 1
0.0850199 1 0 0
0.0850199 1 1 0
0.0732836 6 0 0
0.0732836 6 1 0
0.0850199 1 0 0
0.0850199 1 1 0
0.0596086 1 0 0
0.0596086 1 0 1
0.0018616 5 0 0
0.0018616 5 1 0
0.00132812 5 0 1
10 10
1 0 0 0.009303 0 0 0 0 0 0
147 1.19486 4.51285 1551.26 0.157971 1542.55 4.5111 0.788967 2.13175 0.065174
