0.93913
100
1.23744 0.515569 0.329612 0.450234 0.275806 -0.359204 0.296306 0.150865 0.551798 0.248134 -0.0188242 0.237703 0.135509 0.0694038 0.126244 0.0881688 0.250572 0.25344 0.0862928 0.228503 0.103068 0.00788417 0.132331 0.0618501 -0.0498102 0.0128028 -0.284585 0.126147 -0.162579 0.0883407 -0.0674333 0.103411 0.0667936 -0.108181 0.0446792 -0.0149385 -0.301046 0.288246 0.118589 0.0901643 -0.046298 -0.0210765 -0.245062 0.187064 0.0961524 -0.0985985 0.134133 0.119401 0.00877709 -0.0244066 0.0736463 -0.0878728 0.0375203 0.0444257 0.155221 0.118114 -0.186547 0.11766 0.0428473 -0.0328435 -0.0093354 0.0346366 0.00342497 0.13723 0.0997764 -0.07504 -0.0603527 0.0389494 0.0253852 -0.00903341 -0.0940714 -0.0537619 0.0973993 0.0582611 -0.119786 0.0711236 -0.0242871 0.00673642 0.0987944 0.0162315 -0.028388 0.0190241 0.0102188 0.0282633 0.0633958 0.0224242 -0.0257337 0.0648003 -0.0317261 0.00695602 0.0788096 0.0350575 -0.00332954 0.0824894 -0.082149 0.0766265 0.0190099 -0.116977 0.097723 0.0340001
-2.21347
-2.79077 -0.52559 0.42513 4.38476 -2.81858
0.405025
-1.69561 -3.14775 -0.165096 -1.22367 0.489142
-0.448503
4.97704 -3.34077 -4.34897 1.3503 -1.07951
0.193649
3.01752 -2.02459 -4.59013 -0.0932708 0.343146
-0.262286
-2.15428 -4.05787 -0.569737 1.68319 -0.845509
0.230431
-5.31395 -2.31721 3.34596 -4.79821 -0.359374
0.438814
-1.98039 -0.326888 -0.214894 -3.48746 -1.75577
-0.213558
3.03508 0.0666025 -3.02659 -0.530762 -2.55391
0.046933
1.82063 -1.76003 0.383688 2.31002 -1.65907
-0.408144
0.196797 -0.510517 -1.09687 -0.130857 -1.93935
0.128269
-1.49103 -0.75786 -1.20905 -0.0566792 1.91181
0.0143097
2.50672 1.64462 -5.36526 1.94466 0.189952
0.0293406
1.62249 -4.28757 -0.80141 -0.026485 -6.86201
0.186742
-2.13446 -0.671082 -1.45449 0.419231 3.71576
0.131353
1.92413 -1.35353 -4.69401 -5.47473 -0.672515
-0.299909
3.03221 1.05364 0.354967 -2.16598 -4.60297
-0.0858025
3.2172 0.818849 -2.58237 -3.9313 -2.16259
0.391256
-2.00951 -1.43557 0.972346 -0.279136 0.143679
-0.163299
3.33492 -1.39243 -0.695364 -2.59131 -4.32072
0.0888114
1.28504 -3.94464 1.39481 -3.71684 -1.94987
-0.321028
-2.89738 4.6381 1.53035 -3.91884 -1.90654
-0.259448
0.660092 2.13543 4.96835 0.368554 -3.70101
-0.0299617
-2.41024 2.67941 0.654376 0.715319 -5.68883
0.10734
0.0696186 -0.0105225 -1.33796 -3.37855 -0.280667
-0.125802
0.084535 0.620655 1.19662 -1.67316 1.63301
-0.260417
1.10059 2.16527 0.448346 1.75069 -0.56421
0.118061
-0.726548 -3.76209 -4.03444 0.770035 3.53015
-0.119923
-2.86717 -0.329408 -0.366757 -1.3077 -0.594604
0.0972683
-1.89313 1.26213 -3.3815 4.83331 0.280242
0.146756
-4.91009 2.22392 2.91429 3.34432 -2.54135
0.00974489
1.49153 0.592367 -1.11669 -2.25453 -4.97889
0.42133
-3.4005 -2.06933 -6.04622 0.366041 -3.34294
-0.0587114
-1.02483 -1.25015 0.236388 1.89947 3.37724
0.117872
-2.4106 3.00315 -5.09034 0.827476 -3.33854
0.230967
-5.35384 1.75486 -2.66894 -4.54575 1.98686
-0.0071575
-0.985349 -0.959141 3.08572 0.925099 -1.94982
0.0306988
-0.591555 0.598051 -1.84752 5.37371 0.224888
0.399019
-1.07235 -5.75252 0.699645 0.315554 3.77967
-0.0816255
0.92641 -2.25494 -2.36002 -2.55322 -1.37396
0.0390145
1.47216 -2.84581 -0.312883 -1.20442 3.52707
-0.0592401
-0.265296 -1.38774 2.1323 -0.14631 2.76131
-0.0941946
1.73263 -2.3042 2.03515 -1.004 1.38176
0.061303
-0.281132 -0.989588 -2.75794 -5.01836 -2.1871
-0.414952
-2.58226 3.88871 -1.88597 -1.77966 1.49869
0.165181
-2.5444 -0.78463 -0.146622 1.05977 -4.78903
-0.0930568
-0.887989 0.0638551 -0.550884 -0.276571 3.01676
-0.147032
-1.81345 -1.80358 0.382704 -1.84338 -0.324333
0.138113
0.801092 -3.29987 0.596754 -1.43347 -3.85382
-0.173801
0.987764 0.114491 -1.57549 6.42709 3.52881
0.0410937
-2.91437 -2.62899 1.25628 -0.436188 -1.06007
-0.10545
-4.13502 3.22304 -2.38181 4.26568 0.180054
0.040915
-2.72369 0.0876683 0.0212278 -2.3439 2.63235
0.0674107
-0.543115 -2.44354 1.28938 -0.901441 2.77412
-0.0746738
1.40654 0.650842 0.344676 -0.266259 -1.56453
0.074782
0.483356 -1.62878 1.24641 -2.04324 -1.76037
-0.173744
0.615332 -1.50273 -1.82955 -0.129636 2.49387
0.092424
-1.5905 -0.135078 -0.509263 1.65365 -3.15963
0.286969
-1.44822 -4.37364 1.78527 -4.81206 -3.54476
-0.0688847
-0.433411 0.111643 -0.0389282 0.630588 -1.20553
0.188854
-2.2806 -2.73653 -2.16223 -1.14339 1.91578
-0.0329524
-1.03357 3.91137 -1.34747 0.733199 -2.53501
-0.0678786
1.34374 1.14017 0.214454 2.52835 0.439034
0.0326931
1.1599 0.269751 -1.75645 -0.457336 2.2898
0.0565958
-1.59488 1.31486 0.297624 -1.86756 -1.84368
-0.123968
1.7308 -0.393342 -2.30217 0.83299 -3.16796
0.0594783
-1.68246 -0.748245 1.68816 0.370862 -2.23915
0.0664211
-0.611315 3.72969 -1.7383 -1.29124 -6.47666
0.238275
1.39702 -1.36859 -2.25926 2.39463 -3.64469
-0.054959
0.468983 6.45537 -4.6615 -1.54425 -0.878636
0.110466
-3.7796 0.354538 -0.0405647 2.08889 1.86374
-0.0409301
-2.19213 2.43678 0.998167 2.89165 2.32671
-0.0399256
-0.661341 2.30875 5.15324 -0.113265 -2.89155
0.20695
1.93984 -0.958913 -0.824658 2.75086 -2.01842
-0.00225023
-1.94522 1.84083 -0.271703 -1.29982 -1.34901
-0.0627327
-0.178667 1.43452 0.51761 0.971198 -1.00407
-0.0528551
-1.45753 -1.75049 0.671597 3.08851 -1.26812
-0.0519854
-0.259688 -1.29635 1.78539 2.81337 4.674
-0.0898944
0.951729 0.125184 0.943248 -2.71812 1.53349
0.141426
3.99402 -1.06658 -7.17188 -4.31646 -2.30805
-0.178181
1.9781 0.35519 0.341411 -4.71246 -1.09587
-0.0215037
2.7434 -3.19459 -1.40019 -2.82145 1.6292
-0.187786
1.59908 0.0608219 0.236668 -0.604659 0.422287
-0.137187
-0.57043 1.25183 -0.440923 0.573566 1.75103
-0.230627
-0.998285 0.544598 3.7962 -2.10337 5.87169
-0.208008
2.55205 3.95427 -0.115166 -1.69652 -3.32874
-0.116593
-0.778753 0.786306 3.29034 -0.681158 4.40577
-0.0612894
-2.11205 0.986746 3.79951 3.98976 0.502364
-0.0324628
-0.082072 -0.832348 2.33062 -0.995732 2.76103
0.0919034
-3.41998 2.34351 -2.50316 5.39635 -1.35165
-0.169068
2.34023 0.937221 3.71085 7.16471 2.45015
0.276286
0.546978 -7.42262 0.781342 0.685884 1.94439
-0.00327877
0.87602 -2.86783 0.722463 1.34227 2.28575
-0.167798
-1.02649 2.96358 3.66411 -4.40621 -1.60042
0.0117116
-1.60951 2.08349 -1.64678 2.41584 -1.80866
0.127124
-0.857957 0.189893 -4.7774 1.36791 -0.590336
0.321319
-3.80424 -2.036 -3.44402 2.61869 -1.50792
-0.00216796
1.14322 -0.0197417 -2.46352 -1.29811 0.457754
0.171479
-6.06112 -3.31739 3.65715 -4.60748 -1.39217
-0.0336428
-2.67587 2.22732 3.70707 -2.18757 2.09751
0.034965
1.22236 -2.04496 -2.96145 -2.20383 1.8754
